   1.8900000e+02
   2.9200000e+02
   1.7360000e+03
   7.7300000e+02
   1.2930000e+03
   6.5640000e+03
   3.4700000e+02
   1.2000000e+02
   7.4500000e+02
   2.3600000e+02
   4.0600000e+02
   1.1700000e+02
   3.9000000e+01
   2.3536000e+04
   2.7560000e+04
   1.0898000e+04
   5.5480000e+03
   2.9290000e+03
   3.8400000e+02
   7.0300000e+02
   2.4700000e+02
   1.6763000e+04
   5.9600000e+02
   2.6200000e+02
   4.7900000e+02
   2.8400000e+02
   3.7200000e+02
   9.0100000e+02
   6.6800000e+03
   4.9190000e+03
   3.7990000e+03
   1.6376000e+04
   1.2210000e+03
   1.4660000e+03
   6.2540000e+03
   1.8860000e+03
   1.4850000e+03
   1.9200000e+02
   1.2300000e+02
   2.5700000e+02
   5.2100000e+02
   2.8600000e+02
   5.9000000e+01
   3.8400000e+02
   2.6000000e+02
   1.0060000e+03
   4.7400000e+02
   8.3900000e+02
   9.7880000e+03
   3.9930000e+03
   2.7400000e+03
   3.7900000e+02
   8.5500000e+02
   1.7160000e+03
   3.2000000e+01
   3.9900000e+02
   1.2720000e+03
   8.8600000e+02
   2.6090000e+03
   4.3200000e+02
   9.7000000e+02
   1.8230000e+03
   5.4600000e+03
   7.2900000e+02
   3.0230000e+03
   1.2362000e+04
   1.5490000e+03
   1.3180000e+03
   4.4800000e+02
   5.4120000e+03
   1.1982000e+04
   8.5400000e+02
   9.4950000e+03
   1.6963000e+04
   1.8630000e+03
   7.8500000e+02
   1.4007000e+04
   2.2290000e+03
   2.3120000e+03
   2.0630000e+03
   1.9300000e+02
   5.7700000e+02
   0.0000000e+00
   1.7200000e+02
   0.0000000e+00
   2.7890000e+03
   9.2500000e+02
   1.2850000e+03
   5.5800000e+02
   4.0800000e+02
   4.4200000e+02
   6.9500000e+02
   6.2000000e+01
   8.8900000e+02
   1.7980000e+03
   1.0140000e+03
   5.6000000e+02
   4.1969000e+04
   1.4670000e+03
   3.3500000e+02
   4.4300000e+02
   3.8900000e+02
   1.9900000e+02
   3.3500000e+03
   6.6000000e+01
   1.4820000e+03
   7.5000000e+02
   1.5700000e+02
   4.1100000e+02
   2.1700000e+02
   7.2160000e+03
   2.8020000e+03
   2.4040000e+03
   1.3780000e+03
   1.8400000e+03
   4.2500000e+02
   1.6990000e+03
   3.8320000e+03
   9.4600000e+02
   5.2650000e+03
   5.6390000e+03
   2.6000000e+02
   4.3700000e+02
   4.3800000e+02
   4.2600000e+02
   1.1593000e+04
   1.3140000e+03
   2.0900000e+02
   2.6550000e+03
   1.9000000e+02
   1.6150000e+03
   1.4480000e+03
   5.2000000e+03
   1.4140000e+03
   2.6790000e+03
   2.6980000e+03
   5.0900000e+02
   1.1690000e+03
   2.4820000e+03
   5.7300000e+02
   3.8360000e+03
   1.0570000e+03
   7.2600000e+02
   1.5496000e+04
   2.9620000e+03
   5.0500000e+03
   1.5620000e+03
   2.0710000e+03
   2.5400000e+02
   5.9400000e+02
   7.5000000e+02
   1.6010000e+03
   5.4150000e+03
   1.6000000e+02
   2.6300000e+02
   4.4400000e+02
   7.0400000e+02
   2.1500000e+02
   2.5000000e+02
   5.1200000e+02
   1.2589000e+04
   9.1720000e+03
   1.2500000e+03
   2.9957000e+04
   1.3448000e+04
   1.4742000e+04
   4.0000000e+01
   5.1500000e+02
   2.5300000e+02
   2.2670000e+03
   1.0810000e+03
   1.2572000e+04
   2.8800000e+03
   3.4480000e+03
   2.1930000e+03
   9.6600000e+02
   2.9030000e+03
   6.1600000e+02
   1.2220000e+03
   3.3300000e+02
   8.6000000e+02
   8.1900000e+02
   2.0090000e+03
   1.8330000e+03
   5.6000000e+01
   1.8000000e+01
   2.0800000e+02
   4.9000000e+01
   3.3779000e+04
   1.5145000e+04
   2.2052000e+04
   1.5980000e+03
   1.3430000e+03
   1.4070000e+03
   7.7700000e+02
   8.6000000e+01
   5.8800000e+02
   2.4270000e+03
   4.2000000e+01
   2.0400000e+02
   2.6000000e+01
   1.2590000e+03
   1.1270000e+03
   3.5400000e+03
   1.2950000e+03
   4.6700000e+02
   1.0900000e+03
   1.6600000e+02
   1.9400000e+02
   6.3200000e+02
   1.2780000e+03
   1.2143000e+04
   1.1460000e+03
   2.3800000e+02
   3.3800000e+02
   4.5800000e+02
   1.2817000e+04
   2.4740000e+03
   5.8600000e+02
   7.4500000e+02
   5.0700000e+02
   5.6600000e+03
   5.5350000e+03
   2.8920000e+03
   5.2270000e+03
   6.3120000e+03
   4.8240000e+03
   5.7000000e+02
   4.2100000e+02
   9.0500000e+02
   6.6010000e+03
   2.0490000e+03
   1.1523000e+04
   7.1960000e+03
   3.6000000e+01
   9.0000000e+00
   7.3200000e+02
   2.8470000e+03
   9.0900000e+03
   2.5200000e+03
   2.4960000e+03
   2.5100000e+02
   5.4700000e+02
   5.1300000e+02
   2.0800000e+02
   3.8768000e+04
   4.4170000e+03
   2.0750000e+04
   9.1000000e+02
   2.2470000e+03
   9.0000000e+02
   1.6330000e+03
   1.2300000e+02
   8.0000000e+01
   2.0300000e+02
   4.2400000e+02
   1.8030000e+03
   9.6000000e+02
   3.0400000e+02
   7.5900000e+02
   4.8000000e+02
   3.7010000e+03
   4.7220000e+03
   1.7300000e+02
   6.3200000e+02
   1.8490000e+03
   4.7020000e+03
   2.0860000e+03
   1.0125000e+04
   3.3620000e+03
   3.0750000e+03
   1.9730000e+03
   6.0610000e+03
   2.4830000e+03
   4.7130000e+03
   2.3380000e+03
   3.8870000e+03
   1.7940000e+03
   2.5860000e+03
   4.5800000e+02
   2.8800000e+02
   7.8700000e+02
   6.8300000e+02
   1.7608000e+04
   1.4210000e+03
   1.2750000e+03
   3.5120000e+03
   5.1400000e+02
   1.3500000e+02
   1.6590000e+03
   6.5650000e+03
   1.7700000e+02
   2.0500000e+02
   1.7800000e+02
   2.2500000e+02
   2.3300000e+02
   1.7540000e+04
   1.5576000e+04
