   1.1100865e+00
   1.6246502e+00
   9.3825666e-01
   6.5991668e-01
   7.1693928e-01
   1.9100829e+00
   1.8304294e+00
   1.4809458e+00
   1.0116908e+00
   5.9516304e-01
   2.1918577e+00
   1.4669669e+00
   4.6089648e-01
   7.2327885e+00
   7.0710725e+00
   2.5446445e+00
   2.3236139e+00
   1.2271147e+00
   5.7760516e-01
   1.8147930e+00
   1.7606512e-01
   8.6973440e+00
   6.4637526e-01
   2.1700598e-01
   3.0160499e-01
   9.7406718e-02
   1.3131466e-01
   2.0848808e-01
   1.3207767e+01
   6.1132397e+00
   1.2999322e+01
   2.8086689e+01
   5.6712619e-01
   5.1227754e-01
   1.6552243e+00
   7.1663886e-01
   6.2801851e-01
   3.2307568e-01
   7.5114504e-01
   1.2589214e-01
   1.5192472e-01
   1.2833169e-01
   5.4884231e-02
   2.1352669e-01
   8.3864475e-02
   3.6601650e-01
   1.3647986e-01
   5.4732145e+00
   7.6309573e+00
   3.0347018e+00
   1.4350809e+00
   1.5894717e-01
   3.4669565e-01
   1.1709634e+00
   2.7118414e-01
   1.1347187e+00
   7.2225945e-01
   8.3833242e-01
   8.7232726e+00
   3.2650593e-01
   8.7431497e-01
   6.0864456e+00
   1.1497642e+01
   4.9617827e+00
   1.6819768e+00
   4.5500052e+00
   8.5538995e-01
   1.1343977e+00
   1.2907464e+00
   5.4848942e+00
   1.1476132e+01
   6.4386743e-01
   8.9239561e+00
   8.8974094e+00
   7.5668650e-01
   5.8341323e-01
   3.2643730e+01
   2.0389122e+00
   1.0673364e+00
   1.5187320e+00
   8.2914821e-01
   2.7827613e-01
   0.0000000e+00
   9.1799919e-01
   0.0000000e+00
   2.0465669e+00
   1.7367891e+00
   1.2024742e+00
   5.5100771e-01
   4.5903661e-01
   5.0619632e-01
   6.0004835e-01
   3.7455672e-01
   3.8215684e-01
   1.7292951e+00
   7.0208479e-01
   2.7664704e-01
   2.0203921e+01
   7.0219610e-01
   1.3805324e-01
   1.9251662e-01
   1.7304655e-01
   7.2438182e-01
   1.4545423e+00
   5.1987743e-01
   1.1092814e+00
   7.8810404e-01
   2.2000073e-01
   2.3928181e-01
   3.6049506e-01
   1.6259943e+01
   2.8624112e+00
   1.0924591e+00
   1.1664818e+00
   1.0655980e+00
   1.7377296e+00
   2.1254052e+00
   3.0386412e+00
   6.2336088e-01
   3.5694673e+00
   4.6028896e+00
   1.8278194e-01
   4.3316648e-01
   2.2772174e-01
   2.1579782e-01
   4.5968762e+00
   8.6986456e-01
   8.1248980e-02
   2.1788370e+00
   7.0588148e-01
   2.3522112e+00
   3.7299208e+00
   1.9594396e+00
   2.3712896e+00
   1.1545324e+00
   1.5049841e+00
   2.4296987e+00
   1.9450818e+00
   4.0930889e+00
   2.0913477e-01
   6.3978652e-01
   2.0862199e+00
   2.1284455e+00
   5.9153844e+00
   3.9048236e+00
   1.6034749e+00
   1.0231285e+00
   8.9697169e-01
   1.8493440e+00
   2.4669926e+00
   1.9111202e+01
   8.7297433e-01
   3.5528465e+00
   2.9857765e+00
   2.1201129e+00
   1.1306370e+00
   2.2914876e+00
   2.0070199e+00
   2.0101311e+00
   1.3184934e+00
   1.9378365e+01
   1.3028613e+01
   7.1792457e+00
   9.0517111e+00
   5.2470990e+00
   4.1352498e+00
   2.9458769e-01
   3.9376400e-01
   2.0393522e-01
   6.4427569e-01
   7.8169630e-01
   5.7126239e+00
   1.8692074e+00
   1.4013127e+00
   1.4325656e+00
   6.5287033e-01
   1.9935585e+00
   7.8410307e-01
   1.1762215e+00
   6.0024442e-01
   1.6553200e+00
   1.1376469e+00
   1.1577249e+00
   8.6333578e-01
   1.5483600e+00
   2.6733758e-01
   1.4350964e+00
   4.9240491e-01
   9.7610523e+00
   5.2381825e+00
   8.4898324e+00
   1.5758903e+00
   9.4912332e-01
   1.3143759e+00
   1.4058132e+00
   7.1926200e-01
   5.7311059e-01
   1.1601061e+00
   4.2866328e-01
   6.6229251e-01
   3.5998017e-01
   7.6250348e-01
   6.1589411e-01
   2.7769715e+00
   1.5193111e+00
   1.0641037e-01
   3.5347606e-01
   5.8469233e-01
   3.9509190e-01
   6.7356933e-01
   7.0148475e-01
   7.0679790e+00
   1.1432790e+00
   7.4774577e-01
   1.0483416e+00
   7.9872204e-01
   1.8315076e+01
   9.8641978e-01
   4.2187106e-01
   8.7706906e-01
   7.2838967e-01
   2.5569671e+00
   4.7697836e+00
   2.6180001e+00
   3.3686938e+00
   2.7160069e+00
   1.6116315e+01
   6.0962893e-01
   3.0282106e-01
   4.9247948e-01
   2.6313377e+00
   1.2212057e+01
   1.6334301e+01
   3.3989410e+00
   9.6370835e-01
   4.9961141e-01
   4.8406616e+00
   1.1353621e+01
   3.7775681e+00
   4.7184826e+00
   8.0539252e-01
   2.0922769e-01
   2.9326299e-01
   8.3706177e-01
   1.1786105e-01
   4.1132676e+01
   1.1091831e+00
   6.8872809e+00
   1.6005572e+00
   3.3515803e+00
   1.7691878e+00
   1.0442111e+00
   7.0914626e-02
   3.6133858e-02
   1.7587787e-01
   3.8482832e-01
   9.7290122e-01
   1.1907065e+00
   1.6949814e-01
   4.0293896e-01
   1.9646848e-01
   1.5871791e+00
   1.3272695e+00
   7.4830874e-02
   4.0042323e-01
   6.5792985e-01
   1.9774166e+00
   8.5897705e-01
   2.6959668e+00
   1.0950177e+00
   2.3791471e+00
   1.2300192e+00
   1.3763989e+00
   7.7666805e-01
   1.5688559e+00
   8.5368036e-01
   1.4416372e+00
   4.9482421e+00
   3.4058806e+00
   8.5172064e-01
   3.9823725e-01
   9.1183368e-01
   5.0251626e-01
   1.0094304e+01
   4.6536456e-01
   6.0533262e-01
   1.5641284e+00
   2.5436982e-01
   3.0938680e-01
   1.8526480e+00
   1.5792791e+01
   1.6356177e+00
   2.9593188e+00
   3.7007391e-01
   3.5529757e-01
   4.3810251e-01
   1.3013414e+01
   1.0767465e+01
