   1.7025700e+02   4.0318294e+01   1.4020206e+03   4.3121423e+01   4.5465530e-01   6.1784789e-01   2.5599589e+01   2.2581544e+01   1.7939259e+00   6.6171450e-03   1.6937666e-01   3.5868216e-02   1.0031112e-02
   1.7973100e+02   1.7530772e+01   2.2985289e+03   1.2566310e+02   5.1292638e-01   6.8449592e-01   1.7174804e+01   2.2132227e+01   1.8462041e+00   3.8026866e-03   8.1919329e-02   7.6444001e-02   5.2195864e-03
   1.8502400e+03   1.5655297e-01   5.9074282e+03   1.2422927e+02   6.8424171e-01   8.2932047e-01   1.1851955e+00   2.2039160e+01   1.7914185e+00   1.4089701e-02   4.1703921e-01   1.4191662e-01   1.4801261e-02
   1.1713600e+03   4.5135461e-01   6.8830806e+03   9.5203531e+01   6.2231186e-01   7.9016681e-01   2.7681122e+00   2.2226740e+01   1.7893876e+00   1.1706199e-02   5.9282986e-01   7.7241119e-02   1.2989868e-02
   1.8035000e+03   2.4860198e-01   7.5595789e+03   7.1056631e+01   6.4759187e-01   7.9947032e-01   1.7799756e+00   2.2279226e+01   1.6817250e+00   1.0681433e-02   4.8680500e-01   8.2713365e-02   1.2241554e-02
   3.4365000e+03   8.7537699e-02   1.3234297e+04   7.3478207e+01   6.7130282e-01   7.7982912e-01   1.3530062e+00   2.2588547e+01   1.7588235e+00   2.5163737e-02   1.3716428e-01   1.1466690e-01   1.0028713e-02
   1.8957300e+02   7.5277036e+01   1.5721379e+03   8.5104369e+01   4.0001358e-01   6.1949286e-01   2.9428524e+01   2.2516352e+01   1.7961851e+00   3.6790164e-03   1.6648277e-01   4.4829046e-02   5.3872719e-03
   8.1029300e+01   3.5893092e+01   1.7925464e+03   1.9673450e+02   7.2279610e-01   7.7955147e-01   1.0723315e+01   2.2334325e+01   1.8020835e+00   2.7079725e-03   2.3282922e-02   4.7869926e-02   1.2197547e-02
   7.3639100e+02   8.3830737e+00   7.1267983e+03   1.0784065e+02   5.5415712e-01   6.9842504e-01   1.5286639e+01   2.2273512e+01   1.8336527e+00   6.0969791e-03   8.4394485e-02   7.5751101e-02   1.2786422e-02
   3.9653000e+02   3.2004088e+01   2.7227951e+03   3.2341749e+01   4.2582415e-01   5.0618000e-01   2.9864595e+01   2.2648079e+01   1.8230046e+00   6.0577932e-03   6.8522610e-02   5.5287656e-02   1.7083275e-02
   1.8523100e+02   7.0661522e+01   4.2116532e+03   4.2425374e+01   5.1236250e-01   5.8579669e-01   2.5727162e+01   2.2639187e+01   1.8134498e+00   1.0244295e-02   4.5831969e-02   2.7120817e-02   1.0533407e-02
   7.9756400e+01   2.5625885e+02   1.9239419e+03   3.4629897e+01   4.8285365e-01   6.3639219e-01   3.5933051e+01             NaN             NaN   1.0077195e-02   4.0704898e-02   3.4606809e-02   9.5357005e-03
   8.4617700e+01   2.0787014e+02   1.1488132e+03   9.0172670e+01   5.9006164e-01   6.8871304e-01   2.2889724e+01   2.2399035e+01   1.7877598e+00   3.5476388e-03   7.5031441e-02   2.6831434e-02   7.3270069e-03
   3.2540700e+03   5.9709251e-02   7.3522084e+03   2.9266515e+02   6.8275020e-01   8.2913685e-01   5.7437008e-01   2.0209152e+01   1.4699687e+00   2.3771748e-02   1.4699499e+00   1.2660744e-01   1.3639944e-02
   3.8975700e+03   3.9834673e-02   9.3561814e+03   2.6679010e+02   7.0719782e-01   8.6081208e-01   7.6876368e-01   2.0661965e+01   1.5870517e+00   2.0304465e-02   6.9534139e-01   1.6785006e-01   1.6450147e-02
   4.2827200e+03   2.1769464e-02   1.4125039e+04   2.5409900e+02   7.0421537e-01   8.3203151e-01   5.5486986e-01   2.0349792e+01   1.6656242e+00   2.4765697e-02   1.1120354e+00   1.2661906e-01   2.0868611e-02
   2.3876600e+03   6.4974294e-02   6.9146903e+03   3.2078502e+02   7.0282473e-01   8.4265840e-01   5.4820796e-01   1.9668529e+01   1.5749612e+00   2.1422016e-02   1.6182571e+00   1.3148500e-01   1.4315283e-02
   2.3869000e+03   5.2457604e-02   5.9019389e+03   4.4017454e+02   7.4996982e-01   8.6114201e-01   5.1382626e-01   1.8965564e+01   1.7358065e+00   2.7915824e-02   1.5283521e+00   1.7781355e-01   2.2669722e-02
   6.6481400e+02   1.1471889e+00   3.1109427e+03   1.3307371e+02   5.7994525e-01   7.2153626e-01   4.4521631e+00   1.7525974e+01   1.5293674e+00   7.3431971e-03   1.4176691e+00   3.5521190e-02   1.3741142e-02
   3.8737200e+02   4.6647828e+00   2.0937853e+03   1.8703586e+02   5.7309431e-01   7.4126075e-01   6.8087715e+00   2.1057464e+01   1.6502532e+00   1.0486000e-02   8.6598481e-01   4.3523325e-02   2.0850273e-02
   1.4028900e+03   4.8421567e-01   8.7833217e+03   2.9361848e+02   6.7067489e-01   7.7320651e-01   2.7246164e+00   1.7103462e+01   1.7787030e+00   1.1670198e-02   1.6304134e+00   7.0941820e-02   1.3294678e-02
   1.9273700e+03   2.5537416e-01   9.7823491e+03   4.5952603e+02   7.3449015e-01   8.2490212e-01   1.8483890e+00   1.8630622e+01   1.6644589e+00   1.8082085e-02   2.9169402e-01   5.6814051e-02   2.3670869e-02
   9.2206500e+02   5.5536439e-01   4.4696820e+03   3.0668132e+02   7.2343795e-01   8.2125205e-01   2.3298305e+00   1.6651694e+01   1.6948923e+00   2.0137740e-02   1.0908896e+00   5.0462503e-02   2.8973774e-02
   1.2073400e+03   1.3466424e-01   7.3848520e+03   5.7256988e+02   7.7968834e-01   8.5466715e-01   6.0390224e-01   1.5618716e+01   1.5638837e+00   1.7692886e-02   8.4175348e-01   7.3790120e-02   2.6119703e-02
   1.5881700e+03   1.8629471e-01   8.5567001e+03   3.9258916e+02   7.2129497e-01   8.2590462e-01   9.9844075e-01   1.6732888e+01   1.8818701e+00   2.0060081e-02   1.3694784e+00   5.0057358e-02   3.2455827e-02
   2.9156100e+03   3.2472432e-02   2.3021137e+04   5.0010708e+02   7.5546178e-01   8.6573786e-01   5.0548229e-01   1.7852987e+01   1.9196856e+00   2.2880776e-02   2.1359816e+00   7.4521564e-02   3.6378710e-02
   2.8328900e+03   3.2699331e-02   2.0389867e+04   6.0357268e+02   7.5489200e-01   8.5919343e-01   6.3899703e-01   1.7101199e+01   2.0102418e+00   2.0725080e-02   1.8395798e+00   1.2127208e-01   2.6264446e-02
   4.3215900e+03   2.3963749e-02   2.4825268e+04   4.5018749e+02   7.4921701e-01   8.5222575e-01   4.3430991e-01   1.8338774e+01   1.6660051e+00   2.8947704e-02   1.1304746e+00   1.4845646e-01   3.5330273e-02
   5.0576300e+02   2.1557320e+00   3.7405598e+03   2.0228075e+02   6.6434573e-01   7.7598519e-01   3.2803435e+00   1.9370964e+01   1.5358152e+00   1.6647621e-02   1.3273713e-01   5.4522573e-02   2.8785530e-02
   8.0464700e+02   8.5517349e-01   7.9136882e+03   3.1494280e+02   6.9766650e-01   7.8616913e-01   2.7903817e+00   1.8886086e+01   1.5933907e+00   1.1991736e-02   1.8817018e-01   6.6411494e-02   2.9723434e-02
   2.9224600e+02   8.8135037e+00   1.8824117e+03   8.2500077e+01   4.7656718e-01   6.2380080e-01   1.0121397e+01   2.0021826e+01   1.4504004e+00   6.3874156e-03   6.3492066e-02   3.5627616e-02   3.0138234e-02
   5.8305200e+02   2.4704586e+00   2.9819207e+03   2.7107156e+01   4.6539116e-01   5.2326887e-01   5.7860314e+00   2.0411622e+01   1.4046765e+00   1.1881944e-02   2.1007096e-02   4.7603801e-02   3.0380006e-02
   2.1529600e+03   7.6905294e-02   8.4048270e+03   1.8252521e+02   7.2518054e-01   8.6228389e-01   6.1871858e-01   2.1279101e+01   1.8865142e+00   2.6435330e-02   1.4611804e+00   1.2672409e-01   1.6627108e-02
   2.8617300e+03   4.8547755e-02   9.1808882e+03   1.9169165e+02   7.3598874e-01   8.5833616e-01   4.5755712e-01   2.1047933e+01   1.8728079e+00   2.4018452e-02   1.7759060e+00   1.3096114e-01   1.7089741e-02
   3.7783400e+03   5.9000464e-02   9.6977975e+03   2.9427547e+02   7.1886758e-01   8.5685792e-01   4.8813309e-01   2.0021032e+01   2.1102017e+00   3.0076346e-02   1.8565390e+00   2.0305790e-01   1.3859017e-02
   2.6317300e+03   6.4088255e-02   8.8735120e+03   2.7379457e+02   7.5894136e-01   8.8723987e-01   5.5954768e-01   2.0534302e+01   2.1708646e+00   2.3565089e-02   1.4654169e+00   1.3250818e-01   1.5170878e-02
   2.3645800e+03   1.5371796e-01   1.1674220e+04   1.1832375e+02   6.4713412e-01   8.0343760e-01   1.4986166e+00   2.1805278e+01   1.8576971e+00   1.4965562e-02   1.0952019e+00   9.5674131e-02   1.2344758e-02
   5.9428800e+02   6.4077160e-01   3.0002400e+03   1.5986377e+02   6.0622985e-01   7.2104312e-01   3.4956011e+00   2.1694769e+01   1.9530766e+00   6.6408439e-03   1.0482438e+00   7.0797062e-02   1.4453537e-02
   1.6375000e+02   2.1341095e+01   1.0618329e+03   1.2837599e+02   5.0528839e-01   6.2473669e-01   1.0301917e+01   2.1747698e+01   1.8233295e+00   6.3160011e-03   1.1127260e+00   3.0404056e-02   1.0299363e-02
   2.0414300e+03   4.4489366e-02   1.3056902e+04   4.0796114e+02   7.4777963e-01   8.6712337e-01   5.1252108e-01   1.8852102e+01   1.7401009e+00   2.8249668e-02   1.6971045e+00   8.4406243e-02   2.6618409e-02
   3.4293300e+03   2.6222127e-02   1.8041781e+04   5.1999664e+02   7.8336605e-01   8.6839438e-01   3.6301009e-01   1.7214043e+01   1.9254274e+00   2.0532338e-02   1.5788594e+00   1.0823163e-01   3.2306772e-02
   2.2286000e+03   2.6222435e-02   1.7846529e+04   5.9461387e+02   7.7743009e-01   8.8075035e-01   3.3507312e-01   1.7053343e+01   2.0761548e+00   1.4339180e-02   2.3837822e+00   1.2076045e-01   3.4033425e-02
   1.0749900e+03   1.1496847e-01   5.8821203e+03   4.4191364e+02   7.5446311e-01   8.4832918e-01   4.1269125e-01   1.7866933e+01   1.5585521e+00   2.2262397e-02   1.1660289e+00   7.9493844e-02   3.0333369e-02
   1.7983700e+03   5.7085263e-02   8.8864916e+03   7.5665674e+02   7.8616817e-01   8.5835949e-01   4.0143930e-01   1.6576340e+01   1.7682858e+00   2.7162637e-02   8.1779131e-01   7.2276144e-02   3.7929957e-02
   3.1002400e+03   2.6247679e-02   1.6624244e+04   7.1501348e+02   8.1474026e-01   8.5007786e-01   4.4099855e-01   1.6013183e+01   1.8297445e+00   2.0351256e-02   1.3329530e+00   8.1258156e-02   2.9520857e-02
   2.7485100e+03   6.1088052e-02   2.2159923e+04   3.8156726e+02   7.4681257e-01   8.3847690e-01   6.6642586e-01   1.9013365e+01   1.4766535e+00   2.3508880e-02   1.3134223e+00   1.0276658e-01   3.1054912e-02
   3.4730400e+03   2.8852858e-02   2.3766742e+04   3.9776849e+02   7.4410724e-01   8.6709430e-01   6.7043796e-01   1.8275157e+01   1.7674654e+00   3.1007243e-02   1.6344844e+00   1.2051304e-01   4.3735442e-02
   1.5329200e+02   2.5826194e+01   6.4639302e+02   1.4112976e+01   4.1357537e-01   5.0917594e-01   1.2549217e+01   1.8140463e+01   1.6729173e+00   3.4365023e-03   4.7889757e-02   1.0528748e-01   2.3881606e-02
   1.2826700e+03   9.3885177e-01   7.7344899e+03   2.1502518e+02   6.3576191e-01   7.3444124e-01   4.5446178e+00   1.7364626e+01   1.7956914e+00   7.7031890e-03   2.6471405e-01   6.1195989e-02   3.9697475e-02
   1.3157800e+03   9.0108303e-01   9.7896773e+03   1.9056042e+02   6.4836698e-01   7.3272888e-01   4.0492031e+00   1.7254871e+01   1.6810135e+00   1.1338229e-02   7.3542786e-02   5.0687998e-02   2.0811315e-02
   1.9093000e+03   1.4330388e+00   1.0191288e+04   2.2512658e+01   3.9981329e-01   5.2161489e-01   1.0852662e+01   2.2885678e+01   1.7434341e+00   3.5640211e-03   1.7334927e-01   4.4181932e-02   9.9425255e-03
   2.3844400e+03   6.3891382e-02   6.7087589e+03   3.7086285e+02   6.9713343e-01   8.4482322e-01   4.4886431e-01   1.8933080e+01   1.3712229e+00   3.0758835e-02   2.3891096e+00   1.2937184e-01   1.5329483e-02
   2.4661400e+03   6.3999572e-02   6.8217830e+03   4.9899779e+02   7.1061993e-01   8.5705691e-01   4.9410725e-01   1.7814181e+01   1.5623759e+00   3.1708911e-02   2.5213572e+00   1.4812298e-01   1.6593357e-02
   1.4654600e+03   4.8712946e-01   1.0122176e+04   5.8112790e+01   5.4393534e-01   6.3621036e-01   4.1858822e+00   2.2605385e+01   1.7841751e+00   6.7849640e-03   2.6939456e-01   6.5644015e-02   1.5485676e-02
   1.1800100e+02   2.8119289e+01   6.1749177e+02   5.2443729e+00   3.2108151e-01   4.4981979e-01   1.3955494e+01   2.2793661e+01   1.7908629e+00   5.3630500e-03   4.1505776e-01   3.1267395e-02   1.0023122e-02
   3.5162900e+02   7.6052212e+00   2.3592818e+03   3.2348850e+01   4.1672173e-01   5.4292021e-01   9.2925085e+00   2.2669862e+01   1.8053393e+00   9.4234040e-03   4.8111940e-01   5.8799245e-02   9.6574718e-03
   1.7611400e+03   3.5755092e-01   9.5741266e+03   2.8437430e+02   6.6475664e-01   7.8393932e-01   2.6825270e+00   1.6713212e+01   1.4456625e+00   2.0909000e-02   1.0067092e+00   7.9720743e-02   3.3720864e-02
   1.0568600e+03   8.6577121e-01   6.3735963e+03   2.2134898e+02   6.2677486e-01   7.5361363e-01   2.5449812e+00   1.7199144e+01   1.5191149e+00   2.4516330e-02   1.1690399e+00   6.2238240e-02   2.8369199e-02
   2.9908500e+02   1.2510936e+01   2.7051865e+03   1.5284434e+02   5.8023077e-01   6.4354482e-01   1.0114173e+01   1.7378226e+01   1.7902586e+00   5.3981419e-03   2.7723257e-01   4.4401136e-02   2.3000657e-02
   1.3231000e+03   3.3387655e-01   8.4137627e+03   1.5645573e+02   6.3876209e-01   7.7275189e-01   1.4057248e+00   1.7480610e+01   1.4961633e+00   1.5600989e-02   1.5352570e+00   6.5724506e-02   2.5613302e-02
   1.1094400e+03   1.4831202e+00   8.1686085e+03   1.9142190e+02   5.9046021e-01   7.0997373e-01   9.5618581e+00   1.7241363e+01   1.4413943e+00   1.5354904e-02   1.1402645e+00   6.5278756e-02   3.3705176e-02
   2.9951800e+02   1.2881554e+01   1.6800661e+03   4.4981036e+01   3.9305716e-01   3.8786828e-01   1.7003405e+01   1.8274261e+01   1.6789820e+00   5.0422380e-03   4.0721125e-02   4.7815009e-02   2.9067664e-02
   4.7488000e+02   4.3060545e+00   3.1187302e+03   2.4455260e+02   5.8493073e-01   7.2154390e-01   7.8153847e+00   1.7531180e+01   1.7908899e+00   4.8566704e-03   2.7080874e-01   3.0662226e-02   2.5914333e-02
   1.4692300e+02   1.2269622e+01   4.8972101e+02   3.4381023e+01   5.6698331e-01   3.9459348e-01   6.1904655e+00             NaN             NaN   1.0999532e-02   5.1847663e-03   7.0058791e-02   2.8292284e-02
   1.7972900e+03   2.8103270e-01   5.1820792e+03   1.9631637e+02   6.6623425e-01   7.8618087e-01   1.4243990e+00   2.0827197e+01   1.6838627e+00   8.8792463e-03   2.4981134e-01   1.2487384e-01   8.2995900e-03
   2.7169200e+03   1.2894687e-01   1.3869766e+04   4.0897071e+02   7.5816670e-01   8.3267681e-01   1.1836254e+00   1.6394080e+01   1.7267639e+00   1.6706974e-02   3.6327154e-01   1.1443458e-01   2.3388995e-02
   1.8108700e+03   8.4506593e-02   7.5398652e+03   6.0446297e+02   7.6210004e-01   8.2192175e-01   7.0903479e-01   1.6182338e+01   1.6774854e+00   1.9785369e-02   4.2172326e-01   6.9506036e-02   3.0330471e-02
   1.1618500e+03   8.2006482e-01   5.1722038e+03   2.3978674e+02   5.8227977e-01   7.3009065e-01   4.4365211e+00   2.1041609e+01   1.6549412e+00   1.0711261e-02   3.1409981e-01   7.1068763e-02   9.6962219e-03
   3.4708600e+02   5.0383920e+00   1.3346407e+03   7.0665006e+01   5.6741389e-01   6.9959362e-01   6.6978981e+00   2.1510547e+01   1.6928699e+00   8.6453709e-03   2.0804809e-01   3.6421713e-02   9.9051244e-03
   9.8671000e+02   9.4102161e-01   5.3607284e+03   2.1989990e+02   6.5681863e-01   7.6592486e-01   3.1101672e+00   1.7498673e+01   1.7105524e+00   9.5698908e-03   2.1314534e-01   4.7684383e-02   3.2369288e-02
   1.0440800e+03   7.9546765e-01   3.9941947e+03   2.3018660e+02   6.6880176e-01   7.8570430e-01   3.4178002e+00   1.7609899e+01   1.7705748e+00   1.0166592e-02   1.0414094e-01   5.7147870e-02   2.0875831e-02
   1.3263600e+03   1.7032492e-01   4.6172060e+03   5.5435345e+02   7.5711608e-01   8.2953742e-01   6.8974576e-01   1.6258942e+01   1.7176843e+00   1.3523268e-02   5.5109910e-01   5.1939115e-02   3.4559276e-02
   1.0639900e+03   2.5351712e-01   3.0440127e+03   3.1171514e+02   7.3220775e-01   8.6152225e-01   1.3471081e+00   2.0655237e+01   1.7426746e+00   1.6528906e-02   4.1562769e-01   1.7402027e-01   1.3897037e-02
   1.9065100e+03   2.2651209e-01   7.1715513e+03   1.1752776e+02   6.4753977e-01   7.8318178e-01   2.2394349e+00   2.1695661e+01   1.8043968e+00   1.3069689e-02   1.6420234e-01   1.3710816e-01   1.3777012e-02
   2.4620500e+03   8.1692639e-02   1.1530991e+04   4.4877570e+02   7.2199623e-01   8.4894324e-01   8.7442332e-01   1.9652706e+01   1.6985919e+00   2.1358225e-02   3.7278762e-01   1.3933536e-01   3.5235636e-02
   1.3455300e+03   9.5285444e-02   1.4062976e+04   4.7643744e+02   7.3364106e-01   8.4942784e-01   7.1978070e-01   1.9380701e+01   1.5685776e+00   1.8211412e-02   6.1509824e-01   1.4641435e-01   1.2093745e-02
   4.2908700e+02   2.9105871e+00   2.1404200e+03   3.5946083e+01   5.7252833e-01   6.0481143e-01   6.1808717e+00   2.2398641e+01   1.7768797e+00   2.2286026e-02   3.6316385e-02   7.7623756e-02   1.3516311e-02
   1.0932300e+03   3.6387727e-01   5.0805936e+03   2.1062491e+02   6.6266312e-01   8.0733487e-01   2.0699407e+00   2.0732795e+01   1.6041247e+00   1.7517135e-02   7.4886478e-02   1.5009590e-01   2.5168552e-02
   2.1661400e+03   2.0203812e-01   1.0154188e+04   1.2233470e+02   5.9133700e-01   7.1288805e-01   2.4779121e+00   2.0985220e+01   1.4205113e+00   2.1657936e-02   9.0832633e-02   8.7379991e-02   1.9788627e-02
   1.3583700e+03   3.2821508e-01   5.6618070e+03   2.1222310e+02   6.5039097e-01   7.9822363e-01   1.6147445e+00   2.0726079e+01   1.6395078e+00   1.3704711e-02   1.7523935e-01   1.4452450e-01   2.0701747e-02
   2.3276900e+02   4.9806268e+00   1.3798965e+03   1.9689579e+01   4.7320569e-01   5.7281658e-01   5.8821800e+00             NaN             NaN   2.1281364e-02   1.2957088e-02   8.6909038e-02   2.2412673e-02
   2.0734800e+03   7.7190880e-02   1.9541636e+04   4.1469194e+02   7.2285823e-01   8.4284677e-01   1.0942663e+00   1.9715440e+01   1.6701593e+00   1.5674922e-02   6.2972641e-01   1.6206000e-01   3.1676573e-02
   7.7637700e+01   2.2921804e+02   1.0012739e+03   5.0362554e+01   4.5591968e-01   5.6661385e-01   3.0794867e+01             NaN             NaN   1.5660209e-02   1.9436254e-02   2.2847630e-02   9.0449870e-03
   1.8736400e+02   1.8843366e+01   2.0476765e+03   8.7596215e+01   4.5292550e-01   5.6993397e-01   1.9538319e+01   2.1127673e+01   1.4464875e+00   1.0665817e-02   5.6109411e-02   4.3781655e-02   1.8344657e-02
   6.5972700e+01   3.0485992e+02   5.4226277e+02   1.8445330e+01   2.9873445e-01   4.3227407e-01   5.1008039e+01             NaN             NaN   4.3112399e-02   1.1716379e-02   3.8942571e-02   1.0681253e-02
   1.3627700e+03   6.0561797e-01   1.2530451e+04   6.8772386e+01   6.3544618e-01   6.7961779e-01   3.4640174e+00   1.7007016e+01   1.5684385e+00   1.1736562e-02   2.3114636e-01   5.7541977e-02   3.4948270e-02
   5.3259200e+02   3.4876773e+00   4.8723925e+03   3.9057179e+01   5.0538784e-01   6.2388940e-01   9.8339586e+00   1.7289927e+01   1.5913916e+00   1.0883804e-02   2.3483695e-01   3.8336785e-02   2.3733337e-02
   1.0686300e+03   1.0481215e+00   1.2496594e+04   1.1866122e+02   6.0389784e-01   7.0061590e-01   4.9930350e+00   1.7003389e+01   1.5915671e+00   9.8948505e-03   3.3894941e-01   3.7931843e-02   2.7931677e-02
   1.0126900e+03   5.1234459e-01   1.4714274e+04   7.6835798e+01   6.1463507e-01   7.6104855e-01   2.6303232e+00   2.2148328e+01   1.8219387e+00   2.1378809e-02   7.6936439e-01   7.7169576e-02   1.1847287e-02
   8.8881800e+02   1.1509358e+00   1.0773334e+04   2.2629851e+01   4.6882651e-01   6.0288624e-01   6.0820698e+00   2.2153577e+01   2.0392549e+00   1.2683665e-02   8.6305315e-01   7.2705261e-02   1.0820047e-02
   8.7317900e+02   4.5265455e+00   7.9003743e+03   3.9627594e+00   2.9084873e-01   3.9990211e-01   1.2829597e+01   2.2791061e+01   1.7659907e+00   2.9577464e-04   3.9211326e-01   3.9819117e-02   8.5175494e-03
   1.1582400e+03   3.1708596e+00   8.2920207e+03   1.1189360e+01   2.9541537e-01   4.4498714e-01   1.2672395e+01   2.2533050e+01   1.8867016e+00   7.3033501e-03   6.3051137e-01   5.4792191e-02   8.6173797e-03
   1.6552900e+02   4.8791503e+01   1.9514209e+03   6.0287095e+00   2.1693937e-01   3.4090730e-01   1.9477860e+01   2.2639389e+01   1.7899904e+00   3.9467932e-03   5.5621493e-01   2.5624555e-02   7.6719798e-03
   2.3262700e+03   8.2402009e-02   1.8960535e+04   2.7113855e+02   7.4135861e-01   8.3645788e-01   8.4846371e-01   1.6925901e+01   1.6883823e+00   2.2168870e-02   1.5457824e+00   8.0041927e-02   3.0411662e-02
   1.0397300e+03   4.0129514e-01   6.1792342e+03   1.2840269e+02   6.8986031e-01   7.4621922e-01   1.2393555e+00   1.7207903e+01   1.5592244e+00   1.4321350e-02   5.6629644e-02   5.1771537e-02   4.2160287e-02
   1.4442700e+03   2.3088515e-01   8.5065428e+03   3.5295185e+02   7.4422491e-01   8.3245854e-01   1.1711414e+00   1.6173438e+01   1.5107573e+00   8.9203177e-03   4.6400592e-01   5.5277617e-02   2.0372313e-02
   2.0242400e+03   1.0825151e-01   1.1103067e+04   4.2186514e+02   7.6238032e-01   8.4758946e-01   6.8907289e-01   1.6078039e+01   1.6572416e+00   1.6023702e-02   6.3449447e-01   5.9278444e-02   3.4063936e-02
   2.0772700e+03   3.4778480e-01   4.3725336e+03   5.6922944e+01   6.1165884e-01   6.5030231e-01   2.6277593e+00   2.1956126e+01   1.7032418e+00   2.4310778e-01   1.6472693e-01   1.2614963e-01   1.1167553e-02
   2.0891600e+03   4.7902083e-02   6.4753760e+03   4.4354431e+02   7.8203721e-01   8.8115998e-01   6.1622012e-01   1.9469317e+01   1.9577795e+00   1.7833272e-02   1.3336141e+00   1.0832809e-01   2.0635509e-02
   2.4266000e+03   3.6693590e-02   1.0479403e+04   6.1243820e+02   7.5955384e-01   8.6563547e-01   4.4501860e-01   1.8126677e+01   2.2735831e+00   1.6486285e-02   2.1068027e+00   8.5645131e-02   2.4889275e-02
   2.3011000e+03   3.7313927e-02   1.0681157e+04   3.3978050e+02   7.5024835e-01   8.7104944e-01   4.8000256e-01   1.9021025e+01   1.5896384e+00   2.0283252e-02   2.3891722e+00   1.0628330e-01   2.0996506e-02
   2.2479500e+03   4.1743062e-02   7.6803847e+03   4.2632583e+02   7.4749787e-01   8.7574842e-01   4.1529713e-01   1.8787573e+01   1.6609097e+00   3.1073207e-02   2.1068439e+00   1.1764842e-01   2.1345369e-02
   2.7471700e+02   8.2244041e+00   2.7601944e+03   6.3148060e+01   4.7914144e-01   6.3981638e-01   9.3347318e+00   2.1402650e+01   1.3368760e+00   2.0280336e-02   3.5368687e-01   6.6487606e-02   2.5732444e-02
   2.3031300e+03   6.3989202e-02   6.5208486e+03   3.5615390e+02   7.4135820e-01   8.6172543e-01   6.5321061e-01   1.9391633e+01   1.6730822e+00   3.0497395e-02   1.6878112e+00   8.5149207e-02   2.0010801e-02
   1.2695300e+02   2.0497049e+01   1.2213533e+03   2.7778712e+01   4.1561572e-01   5.6111905e-01   1.4802023e+01   2.1522932e+01   1.3658915e+00   7.8565758e-03   2.1673745e-01   3.5156094e-02   2.0041468e-02
   1.3360000e+03   5.9943465e-01   1.2054306e+04   1.1855732e+02   5.2368468e-01   6.7273900e-01   5.4870618e+00   2.1094799e+01   1.4276046e+00   1.6715633e-02   1.5301661e-01   8.0279603e-02   2.8340467e-02
   9.5165100e+02   2.8871532e-01   1.1369963e+04   2.5652491e+02   6.7089432e-01   8.1242662e-01   2.0643199e+00   2.0270652e+01   1.5143086e+00   1.7058430e-02   2.9976204e-01   1.3511369e-01   2.5876890e-02
   7.1363400e+02   7.6179124e-01   4.4020444e+03   2.9243478e+02   6.8249295e-01   8.1766186e-01   1.7944785e+00   1.9531837e+01   2.0735951e+00   2.1415545e-02   1.9779571e+00   1.1081597e-01   1.9370037e-02
   1.7176400e+03   1.0493497e-01   9.3632453e+03   3.4606801e+02   7.1276343e-01   8.3945252e-01   1.0244404e+00   1.9512153e+01   1.7826913e+00   2.7117400e-02   1.8977299e+00   1.0486741e-01   2.0434986e-02
   6.0195000e+02   9.9156383e-01   2.8203559e+03   1.3191489e+02   6.5431666e-01   7.8062388e-01   1.8364567e+00   2.0059001e+01   1.5431194e+00   1.7177231e-02   2.1600835e+00   7.8139512e-02   1.5855643e-02
   4.4379000e+02   4.5358487e+00   2.7437099e+03   4.9666448e+01   5.8594701e-01   5.2177475e-01   6.5120782e+00   1.7991849e+01   1.5113828e+00   1.2509583e-02   2.7694137e-02   4.6522900e-02   9.0538991e-03
   9.7889500e+02   1.6538851e+00   6.4432808e+03   5.1396622e+01   5.4813390e-01   6.6667444e-01   5.4503328e+00   1.7889127e+01   1.5700486e+00   6.5622331e-03   6.3553182e-02   5.1473757e-02   2.6299979e-02
   2.2005400e+03   2.4370093e-01   1.3034178e+04   2.0454998e+02   6.9385622e-01   7.9349554e-01   1.8851285e+00   1.7039954e+01   1.5855619e+00   1.5189882e-02   2.9509380e-01   6.0512354e-02   4.5032841e-02
   1.1813300e+03   4.6581317e-01   9.2995832e+03   8.2499209e+01   6.8471662e-01   7.4226554e-01   2.7983001e+00   1.7390992e+01   1.5355088e+00   7.8724884e-03   2.3901623e-02   8.3988335e-02   8.8177373e-03
   1.7267300e+03   2.5329146e-01   1.5308848e+04   1.8926401e+02   7.2450571e-01   7.7369361e-01   1.8014818e+00   1.6687070e+01   1.6528952e+00   6.6717578e-03   8.6855124e-02   5.9998076e-02   1.1727790e-02
   2.4457200e+02   1.0995351e+01   3.6287372e+03   1.5785397e+01   4.5968905e-01   5.5144386e-01   1.4640216e+01   1.7425165e+01   1.6195948e+00   1.0173856e-02   6.3590262e-02   3.2582353e-02   2.4736219e-02
   7.9937700e+02   2.5234878e+00   1.0304035e+04   7.9216795e+01   5.8565730e-01   6.8847389e-01   9.7555767e+00   1.7131208e+01   1.6407645e+00   7.7998483e-03   1.3222199e-01   5.9870939e-02   2.6814590e-02
   1.2610900e+03   3.7905603e-01   1.3274616e+04   2.0095232e+02   7.1578360e-01   8.1098526e-01   3.0050745e+00   1.6492284e+01   1.6941305e+00   1.0915020e-02   1.6797034e-01   6.7449586e-02   2.5097964e-02
   1.5175800e+03   2.4003000e-01   9.9872393e+03   3.8388094e+02   7.3595930e-01   8.1709993e-01   1.7317966e+00   1.6835099e+01   1.5458524e+00   2.0726388e-02   1.0835287e+00   7.8254764e-02   3.2471937e-02
   1.4750100e+03   6.4461286e-01   1.1940098e+04   1.5655524e+02   6.1463033e-01   6.9013851e-01   5.5333897e+00   1.6735773e+01   1.6055031e+00   1.2827040e-02   2.4062877e-01   6.2155068e-02   3.3676455e-02
   1.2251000e+03   1.6789728e+00   9.3873385e+03   2.3013512e+01   4.4575372e-01   5.3692876e-01   1.0624569e+01   1.7367061e+01   1.5988648e+00   7.2604295e-03   8.7163091e-02   6.0830435e-02   4.5817755e-02
   1.4224600e+03   1.0228213e-01   7.5800677e+03   5.4515609e+02   7.6729195e-01   8.3603618e-01   6.3647121e-01   1.6345069e+01   1.7102697e+00   1.5897295e-02   1.3676855e+00   5.6816913e-02   2.4611318e-02
   1.0088500e+03   1.2981387e-01   6.1467722e+03   5.6673550e+02   7.8114744e-01   8.3777083e-01   6.0460384e-01   1.6344495e+01   1.6384553e+00   2.5122861e-02   1.0846210e+00   6.0945621e-02   4.7463299e-02
   1.9234000e+03   3.9526117e-02   9.5020775e+03   8.6694293e+02   8.2177319e-01   8.6118201e-01   3.8349225e-01   1.5827054e+01   1.6812758e+00   2.0776321e-02   9.5750443e-01   9.3975243e-02   2.4528473e-02
   1.9740700e+03   3.0653728e-02   1.1850126e+04   7.2780111e+02   8.2082365e-01   8.5786246e-01   3.4646017e-01   1.5527270e+01   1.7390146e+00   1.8869098e-02   8.6956002e-01   9.9516972e-02   2.3283959e-02
   2.5219300e+03   8.5221184e-02   1.1162475e+04   4.6489371e+02   7.5355396e-01   8.3531558e-01   5.8073765e-01   1.6357019e+01   1.6974873e+00   1.9626191e-02   7.1688113e-01   9.3528734e-02   3.0194140e-02
   1.5105800e+03   1.8525317e-01   8.2460876e+03   4.9973433e+02   7.5153546e-01   8.3347781e-01   7.9286092e-01   1.6262464e+01   1.5795893e+00   2.2300132e-02   9.3130636e-01   7.1252561e-02   2.4453154e-02
   2.5723400e+03   3.0970615e-02   1.5438258e+04   7.0283783e+02   8.2732463e-01   8.7264841e-01   4.0791489e-01   1.5832649e+01   2.0520962e+00   1.4532648e-02   1.6793485e+00   7.0381559e-02   2.2903818e-02
   1.2185400e+03   2.7243463e-01   1.2828385e+04   3.1055156e+02   7.2871056e-01   8.3656247e-01   1.3047648e+00   1.6046829e+01   1.5503683e+00   1.0937584e-02   4.7613645e-01   7.8048706e-02   2.1971473e-02
   2.6916700e+02   1.4579748e+01   1.7864456e+03   1.0377501e+02   4.8069931e-01   5.9073612e-01   1.5690745e+01   2.0696708e+01   1.5112081e+00   1.2468411e-02   8.3324487e-02   3.8044246e-02   2.5018549e-02
   6.8658800e+02   2.0217460e+00   3.8764668e+03   2.3140561e+02   6.1849339e-01   7.4138403e-01   6.3187549e+00   2.0099567e+01   1.6114090e+00   1.3525463e-02   1.4659221e-01   8.1488074e-02   2.2434414e-02
   3.8821200e+02   4.6908859e+00   3.3393727e+03   7.3570515e+01   4.4382420e-01   5.3990000e-01   1.6224589e+01   2.0635704e+01   1.4978700e+00   1.4514365e-02   6.6015098e-02   6.2741149e-02   1.5348912e-02
   2.6538200e+03   1.6423480e+00   1.9804718e+04   4.0495951e+01   3.8214630e-01   5.1559448e-01   1.8679829e+01   2.2475258e+01   1.8493537e+00   7.3816127e-03   2.6116021e-01   4.9943603e-02   9.8220529e-03
   5.9630000e+02   2.8043274e+00   6.5078370e+03   1.7487109e+02   6.2779957e-01   7.5647545e-01   7.3473583e+00   1.6700321e+01   1.6863775e+00   7.0891829e-03   3.0485381e-01   4.8921343e-02   1.8619724e-02
   2.3204200e+03   2.2995168e-01   2.4125628e+04   1.6569903e+02   6.8053149e-01   7.9494247e-01   2.0091750e+00   1.6830772e+01   1.5740941e+00   1.7614757e-02   7.1118390e-01   6.6096426e-02   3.0178519e-02
   1.7927100e+03   2.1585081e-01   1.4829293e+04   2.4573514e+02   7.0272810e-01   8.1927396e-01   1.4023144e+00   1.6440921e+01   1.5613703e+00   1.5349184e-02   5.9924481e-01   5.4627420e-02   2.9447122e-02
   2.0949100e+02   1.1349990e+01   2.6402410e+03   1.8051655e+01   4.7646583e-01   6.3253604e-01   1.3073346e+01   1.7285097e+01   1.6613245e+00   5.4985264e-03   1.7095270e-01   2.4161302e-02   2.2897263e-02
   6.0100300e+02   2.6293313e+00   1.1835278e+04   6.7120212e+01   5.7158869e-01   6.5108159e-01   1.2127868e+01   1.7317483e+01   1.5156342e+00   1.3292346e-02   3.6785414e-02   6.9965703e-02   2.7069506e-02
   6.0638800e+02   1.1765874e+00   3.1715429e+03   3.0121130e+02   6.5829460e-01   8.0104370e-01   3.5327056e+00   2.0614653e+01   1.4323199e+00   1.5759327e-02   9.8542984e-01   6.9931961e-02   1.1051979e-02
   2.7398600e+03   5.1428389e-02   9.9421187e+03   4.3684894e+02   6.9453797e-01   8.3688808e-01   5.4634874e-01   1.8196021e+01   1.6382549e+00   2.6637618e-02   2.4538478e+00   1.2637288e-01   1.7395375e-02
   5.9957500e+03   2.7980516e-02   1.8584921e+04   2.2541485e+02   7.1832906e-01   8.4784022e-01   7.2876382e-01   2.0308049e+01   2.0420683e+00   1.7064307e-02   1.5181185e+00   1.2269512e-01   1.7987094e-02
   5.0665800e+02   2.1401874e+00   4.7085191e+03   5.9580279e+01   6.8853939e-01   6.9966464e-01   6.1674197e+00             NaN             NaN   2.1357119e-02   2.1621437e-02   2.5404907e-02   2.9487452e-02
   3.4109400e+02   4.1634240e+00   2.6653429e+03   4.9534092e+01   6.3778229e-01   6.5068654e-01   4.8133969e+00             NaN             NaN   3.0514349e-02   1.0990823e-02   4.0057131e-02   2.3385712e-02
   2.6196100e+03   8.9338778e-02   8.7547574e+03   2.5802259e+02   6.8491769e-01   8.3673453e-01   9.3680455e-01   2.0669505e+01   1.4848372e+00   1.3851561e-02   1.0586302e+00   1.1110380e-01   1.0951463e-02
   7.5854900e+02   2.1242631e+00   7.1244592e+03   4.9527861e+01   4.6552894e-01   5.6683810e-01   7.0150365e+00   2.0749466e+01   1.4084775e+00   1.1080790e-02   4.8639615e-02   7.1224618e-02   2.1034061e-02
   3.1494100e+03   1.0650568e-01   2.0211715e+04   6.0373618e+02   7.0432166e-01   8.1241697e-01   1.3322131e+00   1.8654309e+01   1.5971726e+00   1.6173577e-02   5.5310677e-01   1.1608356e-01   3.0993837e-02
   1.5266900e+03   1.9049759e-01   1.5092798e+04   5.5036862e+02   7.4717714e-01   8.4621177e-01   1.0475554e+00   1.8515853e+01   1.5505017e+00   1.9442898e-02   6.6542374e-01   5.7607202e-02   2.4310102e-02
   2.3088800e+03   6.5592992e-02   1.7254269e+04   7.6007640e+02   7.7197704e-01   8.4893663e-01   6.7666773e-01   1.7532970e+01   1.6645594e+00   2.1842539e-02   7.5036448e-01   7.8256624e-02   2.4493602e-02
   1.3734600e+02   7.9877279e+00   1.6150554e+03   2.4907514e+01   5.2327031e-01   7.0045776e-01   5.8707887e+00             NaN             NaN   1.1670090e-01   9.9257657e-03   1.1530374e-01   8.9968553e-02
   2.4077900e+02   4.5101389e+00   2.9182665e+03   2.6781012e+01   6.4767551e-01   5.6059956e-01   7.7435717e+00             NaN             NaN   5.6621096e-02   8.4619872e-03   6.6520371e-02   3.0309705e-02
   3.9244000e+01   1.1192910e+02   1.6293628e+02   2.9489795e+01   6.1558719e-01   4.3574000e-01   8.5535111e+00             NaN             NaN   3.3144599e-01   2.2499999e-03   1.1623614e-01   7.9893541e-03
   1.8339600e+03   1.8489828e-01   1.5763729e+04   3.3464759e+02   7.1639549e-01   7.9937747e-01   9.8016661e-01   1.7627446e+01   1.6552293e+00   1.7887914e-02   2.4532235e-01   1.0032866e-01   2.1396931e-02
   1.5241300e+03   2.5243744e-01   9.8713890e+03   3.0161015e+02   7.1336319e-01   7.9513098e-01   1.5131865e+00   1.7333930e+01   1.8021029e+00   1.2988093e-02   7.7163959e-02   7.0649077e-02   2.7638327e-02
   5.3587400e+01   1.2134998e+02   6.8338403e+02   4.1463243e+01   3.3474468e-01   4.9114043e-01   1.9743060e+01   2.1082452e+01   1.3014912e+00   3.6170212e-03   7.0559736e-02   3.3599476e-02   5.1580085e-03
   1.2405000e+02   5.2229619e+01   1.0842932e+03   4.4895123e+01   4.3750388e-01   5.3052574e-01   1.8582007e+01   2.1084470e+01   1.2998649e+00   7.1032930e-03   3.8725806e-02   2.3824406e-02   7.2481811e-03
   3.9269900e+02   2.0699351e+00   3.5506014e+03   2.4541874e+02   6.7775381e-01   7.8644687e-01   3.1380454e+00   2.0103659e+01   1.4764228e+00   1.3543440e-02   1.7239064e-01   6.7687041e-02   9.6999120e-03
   3.0722400e+02   4.2247576e+00   4.9882224e+03   1.0996952e+02   6.0627775e-01   6.7605134e-01   6.4162506e+00   2.0177287e+01   1.5736022e+00   1.9410892e-02   4.9188273e-02   7.1352342e-02   1.1857540e-02
   1.0712400e+02   6.5278156e+00   4.0331011e+02   1.5492156e+02   6.8296073e-01   8.2793478e-01   2.4558075e+00             NaN             NaN   1.0090703e-02   8.2516122e-03   4.9439945e-02   9.0782975e-03
   1.2437000e+02   4.6851789e+01   6.8437111e+02   1.1565235e+01   2.8065570e-01   3.6982549e-01   1.4452070e+01   2.2053628e+01   1.4962413e+00   7.2314067e-03   4.1346684e-02   5.0085527e-02   1.6970576e-02
   3.8832200e+02   6.3825774e+00   1.6536494e+03   1.2353936e+01   3.9847421e-01   5.6440869e-01   8.4815009e+00   2.1890477e+01   1.5709852e+00   5.4321562e-03   6.7565475e-02   7.0765024e-02   1.1385762e-02
   6.4964200e+02   3.1108891e+00   1.9870476e+03   9.6391980e+01   4.8406214e-01   6.6125865e-01   6.2499923e+00   2.1819515e+01   1.5302736e+00   1.2079141e-02   1.3958696e-01   8.9312567e-02   8.6682374e-03
   7.0398900e+02   3.6008355e+00   1.7304667e+03   4.1768026e+01   4.6567440e-01   6.3143701e-01   6.4062028e+00   2.2038422e+01   1.4890990e+00   1.3931091e-02   1.1845691e-01   9.7812108e-02   1.0426111e-02
   1.7411300e+02   1.0395638e+01   7.8105729e+02   2.5994539e+01   4.4609717e-01   5.9767253e-01   1.4085992e+01   2.2114905e+01   1.5183392e+00   1.2849045e-02   1.9017634e-02   4.9322733e-02   1.4598154e-02
   3.3095400e+03   9.9372834e-02   1.2756081e+04   4.0889990e+02   7.4074051e-01   8.6054001e-01   5.4438453e-01   2.0804872e+01   1.7739391e+00   2.0108064e-02   8.5050511e-01   1.2482695e-01   1.2435792e-02
   2.5629400e+03   2.1541948e-01   8.8153207e+03   5.4733522e+01   6.4159065e-01   8.0731219e-01   9.9738251e-01   2.3162302e+01   1.8912078e+00   2.6249098e-02   4.1514326e-01   1.6483744e-01   9.8785550e-03
   3.5649600e+03   1.1637063e-01   1.3691797e+04   1.9424628e+02   6.8241408e-01   8.2768963e-01   8.9705095e-01   2.2303748e+01   1.8003972e+00   1.5954179e-02   5.3033646e-01   1.2334054e-01   7.5845050e-03
   1.3578300e+02   4.5415525e+01   8.2364215e+02   2.5355518e+00   2.5081407e-01   4.0596518e-01   2.0397371e+01             NaN             NaN   3.5777738e-03   4.5338947e-02   4.9574497e-02   9.8203655e-03
   1.3078900e+03   8.4073625e-02   4.6180008e+03   6.4830092e+02   7.4237394e-01   8.8775141e-01   3.8781320e-01   1.8214050e+01   1.9525317e+00   2.8725108e-02   2.2299218e+00   1.0808294e-01   1.9901668e-02
   1.2405900e+03   6.6397373e-02   4.1651574e+03   5.7117089e+02   7.5382918e-01   8.8372467e-01   3.7292654e-01   1.8163810e+01   2.1509326e+00   2.4103909e-02   2.2942874e+00   1.0822736e-01   1.9559142e-02
   3.5186800e+03   3.1658233e-02   1.0124800e+04   4.9072045e+02   7.4093023e-01   8.6154443e-01   4.1197187e-01   1.8620471e+01   1.9286155e+00   1.9842162e-02   1.9806980e+00   1.6072864e-01   1.9330271e-02
   1.3828900e+03   1.7820049e-01   4.8226389e+03   2.0513379e+02   7.1975206e-01   8.5585953e-01   1.0447058e+00   2.0707594e+01   2.0646082e+00   1.7188241e-02   1.1339621e+00   9.4359521e-02   1.6278716e-02
   2.2007400e+03   1.6901801e-01   4.2535166e+03   2.5202476e+02   6.5365075e-01   8.1313585e-01   8.7351879e-01   2.0697036e+01   1.4752580e+00   1.7361021e-02   1.2404326e+00   1.3055321e-01   9.4278412e-03
   1.5407600e+03   2.1713422e-01   7.0660195e+03   2.6330466e+02   7.2389315e-01   7.8020862e-01   8.2064621e-01   1.7750041e+01   1.5764686e+00   4.8538396e-02   6.3288492e-02   6.0156244e-02   2.3550148e-02
   2.4605500e+03   5.6831657e-02   1.3924892e+04   6.4378087e+02   7.5550006e-01   8.2196719e-01   5.4846644e-01   1.7384531e+01   1.6311882e+00   1.8686937e-02   6.9352529e-01   1.0753197e-01   2.4668664e-02
   1.5308200e+03   6.1579068e-02   8.7739576e+03   9.1764443e+02   7.8219689e-01   8.4447513e-01   4.7199168e-01   1.6084228e+01   1.8953816e+00   1.7278075e-02   6.0037005e-01   1.0496073e-01   1.9338223e-02
   1.4796200e+03   8.4361762e-02   7.8470093e+03   7.5617862e+02   7.7362137e-01   8.4071001e-01   4.4294634e-01   1.5801254e+01   1.7998802e+00   2.9102651e-02   6.1858641e-01   8.9436172e-02   2.7540248e-02
   1.4561900e+03   3.1164295e-01   1.5199263e+04   4.9036552e+02   7.4054672e-01   8.1463427e-01   1.6025938e+00   1.7097354e+01   1.9730787e+00   1.1163735e-02   1.4474849e-01   7.1450210e-02   9.5740489e-03
   7.8561100e+02   2.2156814e+00   9.1187978e+03   3.3392607e+00   3.9220125e-01   4.3694502e-01   1.2114785e+01   2.2847830e+01   1.8544930e+00   1.9228208e-03   8.5692211e-02   6.6774104e-02   2.0246578e-02
   1.0389200e+03   1.7209470e+00   8.3744451e+03   6.4480448e+01   5.1946143e-01   7.0105281e-01   7.4597446e+00   2.1948298e+01   2.0517190e+00   6.6158081e-03   7.9192251e-01   4.6673806e-02   2.4075122e-02
   5.5477400e+02   9.2612499e+00   3.9439937e+03   8.3094459e+00   3.2420568e-01   4.5619691e-01   1.9977206e+01   2.2732978e+01   1.9559211e+00   2.3339497e-03   2.8668579e-01   3.2589943e-02   1.3066341e-02
   5.1953700e+02   5.0431015e+00   1.1698734e+04   6.1879085e+01   5.0848332e-01   6.8062618e-01   1.7286877e+01   2.2191792e+01   2.0881118e+00   3.3581314e-03   4.7854177e-01   5.1757837e-02   1.8671088e-02
   7.1990700e+02   8.0234877e+00   4.1532249e+03   4.2614297e+01   4.1254549e-01   5.9564916e-01   1.4496809e+01   2.2256360e+01   2.0768236e+00   3.6760157e-03   6.0361380e-01   5.5268100e-02   1.8119757e-02
   1.7353000e+03   5.3092564e-01   1.0327178e+04   9.3487223e+01   6.2991591e-01   7.8771182e-01   4.7376607e+00   2.1781510e+01   2.0476337e+00   7.0757333e-03   5.9942347e-01   6.2436702e-02   3.0802624e-02
   2.1231600e+03   1.7727044e-01   9.9925818e+03   2.3877052e+02   7.1973237e-01   8.5019480e-01   1.6261726e+00   2.0749869e+01   2.1045246e+00   1.3269175e-02   9.3745796e-01   8.1531301e-02   2.9830969e-02
   3.6167300e+01   7.7952736e+02   9.5443224e+02   1.7153793e+01   2.8798325e-01   3.9520000e-01   3.7899642e+01   2.2504165e+01   2.0116389e+00   6.0808801e-03   4.7974809e-01   9.1216858e-03   2.0000000e-03
   6.7330600e+01   2.7623118e+02   5.1240162e+02   5.4181434e+00   1.9759939e-01   3.0457170e-01   3.0688572e+01   2.2628436e+01   1.9340311e+00   5.6603772e-04   4.7868509e-01   2.9588587e-02   7.7950391e-03
   1.4493800e+02   1.1376790e+02   2.8067830e+03   3.6452573e+01   3.9162476e-01   5.6489750e-01   2.4619440e+01   2.2360468e+01   2.0872162e+00   4.1868866e-03   4.5584094e-01   2.4779645e-02   8.9859788e-03
   9.9511600e+01   1.8277117e+02   9.3476993e+02   7.0546938e+00   2.9260957e-01   4.0252963e-01   3.1081079e+01   2.2579834e+01   2.0081342e+00   9.8765430e-04   4.1227432e-01   1.9256536e-02   6.1683937e-03
   3.4605900e+03   8.2103617e-02   5.1435563e+03   2.8774174e+02   6.5997777e-01   8.1425436e-01   8.1793075e-01   2.0549049e+01   1.4311729e+00   1.3114422e-02   9.1394172e-01   1.8384815e-01   1.3570509e-02
   2.8912700e+03   6.4668396e-02   5.7005529e+03   3.5608222e+02   7.3844092e-01   8.5605266e-01   7.5001102e-01   2.0412731e+01   1.5948408e+00   1.3923588e-02   6.4021599e-01   8.4532628e-02   1.5796671e-02
   2.5974600e+03   5.3426553e-02   6.0201912e+03   3.0955617e+02   7.2142333e-01   8.3850212e-01   6.2052665e-01   2.0457169e+01   1.4198639e+00   1.5035473e-02   7.3725220e-01   6.4690344e-02   1.1332054e-02
   1.0140300e+03   1.8558340e-01   4.6598828e+03   3.4925374e+02   7.1511171e-01   8.5951240e-01   7.4408411e-01   2.0042249e+01   1.5840579e+00   1.2501469e-02   1.2896379e+00   9.3185149e-02   1.4573006e-02
   1.4149900e+03   9.9666352e-02   4.8493447e+03   3.4656137e+02   7.0205381e-01   8.5003420e-01   4.9142745e-01   1.9783011e+01   1.6279333e+00   1.2758726e-02   1.4620336e+00   8.2677490e-02   1.2829026e-02
   1.0704700e+03   1.3798464e-01   5.0354475e+03   8.3132462e+02   7.8874715e-01   8.4826147e-01   7.0930765e-01   1.6064369e+01   2.1144419e+00   1.9310396e-02   4.1917441e-01   8.8158279e-02   2.5637572e-02
   5.5270500e+02   3.3095177e-01   3.9337968e+03   7.2129367e+02   7.5306820e-01   8.2015020e-01   9.4311107e-01   1.6475307e+01   1.6681144e+00   1.4957390e-02   2.8700927e-01   8.3714037e-02   1.6085901e-02
   1.1956700e+02   2.7660770e+01   3.2018955e+03   1.2745465e+01   3.3973583e-01   4.5710360e-01   3.2148071e+01   1.7168403e+01   1.5349935e+00   1.2084877e-03   4.5050574e-01   3.4081035e-02   3.0102894e-03
   1.0259800e+03   1.9817429e+00   1.0568164e+04   4.8302952e+01   4.6156125e-01   5.7219275e-01   1.0525241e+01   1.7174665e+01   1.5764300e+00   3.4504463e-03   4.0859376e-01   6.7634139e-02   7.4227668e-03
   2.0920500e+03   9.1801666e-02   5.7335430e+03   1.9915002e+02   7.1016676e-01   8.5095268e-01   5.5408800e-01   2.1465036e+01   1.6065078e+00   3.2420510e-02   1.2829426e+00   1.2746992e-01   1.5626156e-02
   9.7979000e+01   6.5104252e+01   1.0436476e+03   1.2297314e+01   3.4403252e-01   4.4991505e-01   3.4204234e+01   1.7045488e+01   1.5690925e+00   1.2273348e-03   5.0465400e-01   2.2743587e-02   3.1628186e-03
   3.0802100e+02   1.1244663e+01   4.0320756e+03   5.8788945e+01   5.4175083e-01   6.6185017e-01   1.5560147e+01   1.6986715e+01   1.5806234e+00   4.8043691e-03   6.0128153e-01   2.3623690e-02   4.8648377e-03
   7.2226200e+01   8.7398835e+01   2.4674697e+03   7.2618143e+00   3.5724471e-01   3.6202715e-01   2.2451926e+01   1.7247393e+01   1.5388764e+00   1.4285714e-03   5.0432467e-01   2.0997893e-02   5.5561316e-03
   1.6511400e+03   1.7445061e-01   8.4096618e+03   2.0291417e+02   7.1064837e-01   8.5767547e-01   1.2878038e+00   2.1568981e+01   1.7683768e+00   2.0557357e-02   7.9903184e-01   7.1691767e-02   1.1359274e-02
   1.8298600e+03   1.3398775e-01   1.4151230e+04   3.0202701e+02   7.4173704e-01   8.3998335e-01   1.2726686e+00   1.6246423e+01   1.7142697e+00   2.0910601e-02   1.2303433e+00   5.6812772e-02   2.9596379e-02
   1.2747700e+03   1.6644913e-01   4.8333675e+03   2.1744673e+02   7.1457623e-01   8.4982240e-01   9.0119995e-01   2.1457444e+01   1.6387439e+00   3.0066248e-02   1.0986066e+00   1.0133245e-01   1.4092412e-02
   8.5236000e+02   5.9770281e-01   3.7058719e+03   1.9135000e+02   6.8295535e-01   8.4135319e-01   1.6466131e+00   2.1595021e+01   1.6672501e+00   2.4980260e-02   1.0668345e+00   9.8115763e-02   1.0921024e-02
   4.3886700e+03   1.7226713e-02   2.9560837e+04   3.5606023e+02   7.5806511e-01   8.3335999e-01   3.7654608e-01   1.6414741e+01   1.8127265e+00   1.1972613e-02   1.9260124e+00   7.4489619e-02   9.7508251e-03
   3.0836600e+03   6.7258794e-02   2.6969948e+04   4.0958272e+02   7.5510049e-01   8.2819702e-01   9.8520744e-01   1.5518427e+01   1.8278377e+00   1.6860583e-02   1.3276778e+00   7.0157139e-02   1.3583385e-02
   2.8391000e+02   1.4029835e+01   1.9068259e+03   9.4416866e+00   4.0458586e-01   5.3546429e-01   1.5199892e+01   1.7017008e+01   1.5592323e+00   1.0682035e-03   4.2673961e-01   3.4754668e-02   5.2867449e-03
   4.9102500e+02   3.9312086e+00   5.3293578e+03   6.1132554e+00   4.1816583e-01   4.4982904e-01   1.2576544e+01   1.7297347e+01   1.5066960e+00   2.1513625e-03   1.5547360e-01   7.8399071e-02   1.8551101e-02
   9.3828500e+02   2.6322945e+00   1.1205629e+04   8.6411004e+01   6.0901247e-01   7.2844509e-01   6.3357691e+00   1.6628396e+01   1.6970705e+00   1.0256098e-02   7.5430440e-01   4.1442660e-02   1.1074328e-02
   1.8218500e+03   2.5085545e-01   1.6648607e+04   1.9298748e+02   6.8867243e-01   7.8535268e-01   2.4243553e+00   1.6602878e+01   1.6507207e+00   1.7407355e-02   9.0070253e-01   6.9256939e-02   2.5401159e-02
   1.7180300e+03   5.6323404e-01   1.1313795e+04   1.3409865e+02   5.9976162e-01   6.5992187e-01   3.9108947e+00   1.9319470e+01   1.5530664e+00   1.2333764e-02   8.5047235e-02   8.8917718e-02   2.4754088e-02
   1.0023800e+03   7.1545892e-01   7.1209169e+03   2.6094223e+02   6.9936877e-01   7.9580836e-01   2.0805665e+00   1.6884352e+01   1.7381190e+00   1.4240880e-02   2.5582734e-01   5.0284327e-02   2.7735729e-02
   3.1829000e+02   7.6740043e+00   2.5008663e+03   1.1883281e+01   4.1199677e-01   5.1963174e-01   1.1232832e+01   1.8001062e+01   1.5421376e+00   5.0702974e-03   1.0979802e-01   5.3612363e-02   2.9472173e-02
   3.2241400e+02   8.5083631e+00   2.2474444e+03   1.3569159e+01   4.3115533e-01   5.1394931e-01   1.0766396e+01   1.7902126e+01   1.5273019e+00   8.9139681e-03   8.0363683e-02   3.7973972e-02   1.9011959e-02
   5.7341600e+02   3.0886380e+00   7.2838333e+03   4.0749437e+02   7.1115647e-01   7.9580704e-01   4.8111717e+00   1.8338616e+01   1.6691841e+00   1.0327184e-02   2.5852736e-01   4.1005519e-02   9.4010954e-03
   6.9980600e+02   1.7892968e+00   7.2744677e+03   9.7201631e+01   5.2553945e-01   6.4487625e-01   7.7816930e+00   1.9532990e+01   1.5900165e+00   7.4721732e-03   6.8173294e-02   6.0106595e-02   1.0375674e-02
   2.5080600e+03   1.0688747e-01   9.6207444e+03   2.7071192e+02   7.2222640e-01   8.5397332e-01   8.8222237e-01   2.0355224e+01   2.3760823e+00   2.1096454e-02   1.3781137e+00   1.4781181e-01   1.5194856e-02
   1.3890500e+03   6.2519166e-01   6.6561612e+03   7.7461250e+01   6.1261918e-01   7.4648850e-01   3.6920867e+00   2.1463520e+01   2.1718415e+00   1.0772237e-02   1.0288324e+00   7.2322211e-02   1.5156625e-02
   8.4942000e+02   1.3540351e+00   7.9608070e+03   4.6609103e+01   5.6696743e-01   6.7402715e-01   5.7861511e+00   1.6674829e+01   1.5367963e+00   1.1272256e-02   7.4073168e-01   3.4164153e-02   2.8684651e-02
   6.9605600e+02   1.1497165e+00   5.6621098e+03   2.7510610e+00   4.9114864e-01   5.9850364e-01   4.0175882e+00   1.6947415e+01   1.5060790e+00   1.7817027e-03   5.4125304e-01   3.5965471e-02   2.5655550e-02
   2.2135600e+03   2.1711791e-01   1.6881892e+04   4.3488115e+02   7.0980821e-01   7.8068791e-01   2.3259884e+00   1.8186278e+01   1.5926741e+00   1.0984955e-02   4.4008059e-01   1.0923640e-01   1.0450500e-02
   1.1604300e+03   5.4733207e-01   8.8016218e+03   2.0923939e+02   6.9197264e-01   7.7752923e-01   2.2340617e+00   1.8538267e+01   1.7099271e+00   1.5907502e-02   9.6381430e-02   8.6185871e-02   1.7797824e-02
   1.1046600e+03   2.3339490e-01   1.1264345e+04   3.8431894e+02   7.2645966e-01   8.1208670e-01   1.0720803e+00   1.7672135e+01   1.7932807e+00   2.0796215e-02   1.6705754e-01   9.1717203e-02   1.3622481e-02
   1.5516400e+03   1.1089451e-01   1.7829897e+04   4.9168480e+02   7.4271875e-01   8.2660787e-01   8.1018596e-01   1.8074195e+01   1.5588280e+00   2.4123219e-02   7.4910275e-01   1.2772411e-01   2.2110179e-02
   2.3240000e+03   5.8126003e-02   2.0777618e+04   5.1528265e+02   7.5594095e-01   8.4372919e-01   5.6582258e-01   1.7931062e+01   1.7582289e+00   1.7066466e-02   5.4497217e-01   1.1176089e-01   1.8335307e-02
   2.9932400e+02   5.2839501e+00   1.6192083e+03   2.7629382e+01   5.5007820e-01   5.9265294e-01   7.1267323e+00             NaN             NaN   1.1488070e-02   1.4041912e-02   5.1426268e-02   1.7128827e-02
   9.3499500e+02   7.0439528e-01   8.5891162e+03   7.2224725e+01   5.7942949e-01   6.7707026e-01   2.8707957e+00   1.6604184e+01   1.6586027e+00   8.6300982e-03   6.5693597e-01   3.7709417e-02   2.6603858e-02
   1.3902600e+03   3.4216926e-01   1.3654169e+04   7.5153510e+01   6.4901030e-01   7.5600560e-01   2.5432891e+00   1.6437965e+01   1.4950394e+00   2.0592839e-02   1.0526393e+00   4.5798929e-02   3.4887559e-02
   1.8376400e+03   1.7183967e-01   1.4402533e+04   2.2762944e+02   7.1303428e-01   8.0677003e-01   1.9304832e+00   1.5803157e+01   1.7459248e+00   1.6075617e-02   1.1216683e+00   5.5334517e-02   2.3569630e-02
   2.5086100e+03   1.5689152e-01   6.1024831e+03   2.3313233e+02   6.9956652e-01   8.2876498e-01   7.0353073e-01   2.1302072e+01   1.5154678e+00   3.6219867e-02   9.6537525e-01   1.8053245e-01   1.3299582e-02
   1.6778500e+02   2.6333789e+01   1.8348470e+03   2.1840894e+01   2.6106931e-01   4.0847943e-01   2.2686238e+01   2.1185078e+01   1.2443395e+00   9.3271798e-03   2.5324101e-02   3.5228774e-02   5.2826439e-03
   7.0544800e+02   4.6709308e+00   7.1272237e+03   2.3729650e+01   2.7467752e-01   4.3043763e-01   1.5600368e+01   2.1133181e+01   1.2792146e+00   7.9602947e-03   5.2844481e-02   5.1373008e-02   8.3510772e-03
   2.1171300e+03   3.6284737e-01   1.5973586e+04   2.0941037e+02   5.9166385e-01   7.3437902e-01   3.5563114e+00   2.0131968e+01   1.4993020e+00   1.4429511e-02   2.5901657e-01   8.0557053e-02   1.5148114e-02
   3.7355700e+01   4.7653058e+02   8.8113025e+02   2.4856980e+01   3.3758131e-01   5.3464333e-01   2.8487954e+01   1.9115034e+01   1.6676709e+00   2.8047378e-03   2.4183183e-01   1.3754851e-02   7.8856179e-03
   1.8014000e+01   1.0427870e+03   2.3093922e+02   7.1667412e+00   2.7632038e-01   3.2290000e-01   4.2282137e+01   1.9226539e+01   1.6753293e+00   0.0000000e+00   2.1061144e-01   1.8565799e-02   1.7647058e-03
   1.5121900e+02   4.5131218e+01   1.0409695e+03   1.1492707e+01   3.1494694e-01   3.6457752e-01   2.6060297e+01   1.9332585e+01   1.6708086e+00   3.6489199e-03   2.1048118e-01   2.8483427e-02   1.2755553e-02
   2.5075700e+02   5.5485006e+00   3.9158008e+03   1.9688750e+02   6.3694612e-01   7.0398955e-01   6.3237865e+00   1.9131249e+01   1.6614489e+00   2.0454545e-03   5.7981000e-02   4.2259847e-02   1.1759495e-02
   2.4063100e+03   3.1862791e-01   9.0893448e+03   7.5153627e+01   6.2497604e-01   7.6409849e-01   2.0656711e+00   2.2888094e+01   2.0100112e+00   1.4325296e-02   1.4772877e-01   8.2180745e-02   7.9569574e-03
   5.3407000e+02   3.3407377e+00   3.7901632e+03   1.9008180e+01   5.1382094e-01   6.8403732e-01   5.1898879e+00   2.3545010e+01   1.7542302e+00   8.6634310e-03   2.2863349e-01   5.5111714e-02   6.6632853e-03
   3.0991100e+03   2.9586114e-02   2.8604071e+04   6.2401484e+02   7.4564418e-01   8.5676728e-01   5.2330722e-01   1.8591470e+01   1.4765500e+00   2.3770889e-02   1.0218771e+00   1.1991082e-01   4.5647169e-02
   1.1996500e+03   1.3527744e-01   1.3710467e+04   4.7689593e+02   7.2085781e-01   8.3091750e-01   1.3197971e+00   1.8595807e+01   1.5660435e+00   3.3865785e-02   1.6208927e+00   8.3658206e-02   3.9919979e-02
   1.8652200e+03   7.3932232e-02   2.1055675e+04   4.3817839e+02   7.2981980e-01   8.4834502e-01   7.1013128e-01   1.8868807e+01   1.5978806e+00   2.2474978e-02   1.5945724e+00   9.3681947e-02   3.7297422e-02
   6.1285800e+02   1.3471570e+00   2.5883476e+03   2.5917147e+02   6.0231543e-01   7.3025912e-01   3.0247556e+00   1.7368293e+01   1.6637749e+00   6.5424878e-03   2.1916582e+00   4.0993375e-02   4.3162841e-03
   1.7647900e+03   1.2716379e-01   8.9883188e+03   3.5335738e+02   7.1792548e-01   8.0505814e-01   9.1888726e-01   1.6923331e+01   1.7219990e+00   8.9722481e-03   2.0205367e+00   5.7244120e-02   4.1854233e-03
   9.4251100e+02   1.1078266e+00   2.3501033e+03   1.0139459e+01   5.4853210e-01   7.0693534e-01   2.7535503e+00   2.3726108e+01   1.7327335e+00   2.5738453e-02   6.4975738e-02   1.5052091e-01   7.7452318e-03
   3.9822100e+03   9.6329399e-02   7.2883853e+03   3.7726696e+01   6.2431461e-01   7.6165400e-01   6.5666832e-01   2.4219733e+01   1.4727285e+00   3.3849010e-02   1.0008046e-01   1.6291191e-01   9.8402866e-03
   3.0128000e+03   1.6421925e-01   8.4493131e+03   3.8296978e+01   6.1450300e-01   7.7080532e-01   1.5530999e+00   2.3405324e+01   1.6954830e+00   2.7131607e-02   2.0341702e-01   1.8284925e-01   1.0844437e-02
   5.6855200e+02   2.7594167e+00   3.6467611e+03   2.1607079e+01   5.3292081e-01   4.7086057e-01   7.8231899e+00   2.3100677e+01   1.9085341e+00   9.2381835e-03   2.0315058e-02   9.9977873e-02   1.7451508e-02
   6.7043000e+02   1.6040605e+00   3.7882361e+03   2.3596966e+01   4.9234953e-01   5.4589572e-01   5.1506770e+00   2.2945398e+01   1.7965427e+00   4.5400835e-03   1.2651183e-01   8.4107039e-02   1.1313845e-02
   5.0870800e+02   8.2741764e+00   4.5844810e+03   4.0893263e+01   5.5843765e-01   5.7425813e-01   1.4737289e+01   2.3042560e+01   1.7591817e+00   2.0192630e-02   2.2742584e-02   4.8543960e-02   1.5449038e-02
   1.5638600e+03   2.0569110e-01   5.5364176e+03   7.0763682e+01   6.8520641e-01   8.0974229e-01   1.2391391e+00   2.2672465e+01   2.1083544e+00   2.0560828e-02   9.1704554e-02   1.0822906e-01   1.1663055e-02
   1.7344800e+03   3.8501053e-02   1.8601451e+04   5.7491422e+02   7.4537478e-01   8.6844695e-01   3.5018300e-01   1.7589771e+01   1.7759892e+00   3.0633657e-02   2.5565851e+00   7.6515863e-02   3.7279756e-02
   2.2139900e+03   5.2594542e-02   1.1810531e+04   3.7151535e+02   7.7164292e-01   8.5446176e-01   4.6968914e-01   1.6770075e+01   1.9401527e+00   3.0217324e-03   2.5716922e+00   6.3931676e-02   6.5628493e-03
   1.1542100e+03   2.6777296e-01   7.2570628e+03   2.1710882e+02   6.4974445e-01   7.7647408e-01   1.3658499e+00   1.7260417e+01   1.7246440e+00   9.8381151e-03   1.8781083e+00   4.7509978e-02   2.6626556e-03
   1.1017900e+03   2.1408031e-01   6.2056236e+03   2.5987501e+02   7.0018631e-01   8.0740267e-01   1.0294820e+00   1.7328161e+01   1.7095222e+00   6.0715398e-03   2.3566915e+00   4.4271286e-02   4.2640255e-03
   1.8532200e+03   1.5586571e-01   9.4186968e+03   8.4341779e+01   7.1242273e-01   8.4940034e-01   1.1243201e+00   2.2472921e+01   1.8321582e+00   2.8541620e-02   1.8029510e-01   1.4386950e-01   1.3064421e-02
   8.0624400e+02   1.2060187e+00   4.4869664e+03   1.8439137e+01   6.0837395e-01   6.9284843e-01   4.0137189e+00   2.2795398e+01   1.8450028e+00   2.1088104e-02   7.0956766e-02   8.6750908e-02   1.2156079e-02
   1.7935300e+03   3.2661953e-02   1.7454193e+04   5.5671762e+02   7.7188223e-01   8.8493393e-01   3.6250162e-01   1.8211655e+01   1.6482258e+00   3.5987593e-02   1.9879865e+00   1.1657926e-01   4.6442835e-02
   1.8836600e+03   3.5426160e-02   2.1067336e+04   5.0194867e+02   7.4694065e-01   8.6184476e-01   3.9020561e-01   1.8427961e+01   1.6657245e+00   2.9587929e-02   1.9075242e+00   8.7115903e-02   4.0609912e-02
   2.4431400e+03   4.4358610e-02   1.6408070e+04   5.3421559e+02   7.4870433e-01   8.6592792e-01   4.3743383e-01   1.8090142e+01   1.7134394e+00   2.8640724e-02   2.2219356e+00   1.1315431e-01   3.3872284e-02
   2.3318100e+03   5.7681474e-02   1.5721426e+04   6.7422450e+02   7.2298116e-01   8.3500428e-01   5.3354870e-01   1.8022367e+01   1.6000365e+00   3.1343402e-02   1.1485130e+00   7.8024851e-02   3.8262704e-02
   3.5576800e+03   2.8349263e-02   2.0575573e+04   5.5933047e+02   7.5441087e-01   8.4725227e-01   4.4131758e-01   1.8300392e+01   1.5296277e+00   4.0690896e-02   1.0965973e+00   8.4218272e-02   3.2792880e-02
   2.3118800e+03   2.7727013e-02   2.3235359e+04   5.3529902e+02   7.7076469e-01   8.7802144e-01   3.9641445e-01   1.8136545e+01   1.7374347e+00   3.1981040e-02   2.0691435e+00   1.2127207e-01   4.4995763e-02
   1.5783300e+03   4.2992740e-02   1.3796494e+04   5.2286439e+02   7.6592876e-01   8.6825457e-01   4.1230766e-01   1.7772495e+01   1.9136711e+00   2.6119752e-02   2.3560230e+00   8.7040466e-02   3.7388647e-02
   2.8103300e+03   1.1049750e-01   2.8692495e+04   6.8487100e+02   7.3490340e-01   8.5318359e-01   1.1051276e+00   1.8389277e+01   1.7158998e+00   2.7371460e-02   1.1494393e+00   1.0401912e-01   4.1683993e-02
   2.3778500e+03   6.1098448e-02   1.7294501e+04   5.0583504e+02   7.3547834e-01   8.5216698e-01   7.0642398e-01   1.9508366e+01   1.5356860e+00   1.8536506e-02   9.2385468e-01   7.7303839e-02   3.1769912e-02
   2.4284700e+03   6.1212026e-02   1.0323194e+04   2.4119163e+02   7.6064148e-01   8.7327745e-01   8.4763576e-01   2.0661101e+01   2.0354429e+00   1.7928363e-02   9.6940402e-01   7.7755706e-02   1.8466223e-02
   3.7556100e+03   7.8238142e-02   1.7896366e+04   2.1312995e+02   6.9032157e-01   8.4114218e-01   1.5446902e+00   2.1284326e+01   1.7999666e+00   1.6901239e-02   2.5273555e-01   1.4081840e-01   1.6867281e-02
   3.0702700e+03   1.4721458e-01   1.3467192e+04   1.3781817e+02   6.6182234e-01   7.9578488e-01   2.4504049e+00   2.1515483e+01   1.8590454e+00   1.3567526e-02   6.5069678e-01   8.9095535e-02   1.6177597e-02
   1.2924800e+03   6.6588106e-01   1.4098851e+04   9.8705009e+01   5.8473178e-01   7.4305829e-01   7.8410406e+00   2.1981415e+01   1.8251744e+00   2.0386677e-02   1.8182467e-01   6.5353086e-02   1.2623075e-02
   1.6040400e+03   6.4031365e-01   1.2845320e+04   6.4368174e+01   5.6519532e-01   6.9954344e-01   6.1015862e+00   2.1831507e+01   1.7854962e+00   1.4857261e-02   4.3166623e-01   7.3385773e-02   1.4261110e-02
   4.4035200e+03   4.9901095e-02   1.3407558e+04   2.1109723e+02   7.3345075e-01   8.6807936e-01   6.7495608e-01   2.1594642e+01   1.8501313e+00   2.9045533e-02   4.8544717e-01   2.0027020e-01   1.5887008e-02
   3.1969900e+03   4.0082751e-02   2.1456047e+04   5.1128597e+02   7.3619558e-01   8.6621837e-01   5.2668455e-01   1.8538728e+01   1.7252350e+00   3.1110448e-02   1.9454450e+00   1.0523767e-01   4.2742422e-02
   3.0041000e+03   4.4062164e-02   2.9326061e+04   5.1818591e+02   7.2788431e-01   8.5107866e-01   7.6173672e-01   1.9093880e+01   1.6461520e+00   2.2597368e-02   1.3698365e+00   1.0853236e-01   3.5730525e-02
   2.7387300e+03   3.8764430e-02   2.2591994e+04   4.9377552e+02   7.4771555e-01   8.7837845e-01   4.0741303e-01   1.8963912e+01   1.6755818e+00   2.9685388e-02   1.6538278e+00   8.8768319e-02   4.1569345e-02
   2.6962400e+03   3.6342259e-02   2.5456392e+04   7.1182043e+02   7.5617277e-01   8.5974154e-01   5.6042569e-01   1.7977028e+01   1.6835681e+00   3.3403009e-02   1.6015988e+00   1.0054259e-01   3.4274741e-02
   3.6255300e+02   4.5127803e+00   2.7526064e+03   2.4051868e+01   3.9147084e-01   5.0979730e-01   1.0532165e+01   2.1894222e+01   1.5010191e+00   6.1102170e-03   2.1266413e-01   1.0341431e-01   7.3605758e-03
   7.5927500e+02   1.7046529e+00   3.1458078e+03   9.9630668e+01   5.5641185e-01   7.0491150e-01   4.2430275e+00   2.1419131e+01   1.5658240e+00   2.2641179e-02   3.9886679e-01   5.8664341e-02   1.2533911e-02
   5.3773500e+02   2.3315522e+00   5.6917870e+03   4.0687867e+00   5.4553653e-01   6.8469451e-01   7.3690848e+00   1.7131552e+01   1.4641899e+00   2.4097940e-03   9.8001091e-02   3.5221225e-02   3.0436238e-02
   7.2318700e+02   1.9632892e+00   6.5880854e+03   3.6789589e+00   5.1361037e-01   6.6444097e-01   7.6082854e+00   1.7103556e+01   1.5134869e+00   1.4512250e-03   3.1144334e-01   2.3421611e-02   1.6437068e-02
   8.6309600e+02   1.7409656e+00   6.6718426e+03   4.5872737e+00   4.8709085e-01   5.1842711e-01   6.1732816e+00   1.7250308e+01   1.5524588e+00   2.8100773e-03   1.2916833e-01   4.4109408e-02   2.0663583e-02
   1.3591600e+03   3.1168247e-01   1.2985647e+04   9.7963542e+01   6.4328509e-01   7.8451828e-01   2.4410275e+00   2.1527374e+01   2.1419544e+00   2.2831662e-02   1.1144879e+00   9.7601242e-02   1.2390531e-02
   1.7443500e+03   6.9624186e-01   4.4169283e+03   1.5311916e+02   6.1514440e-01   7.7798592e-01   3.6001156e+00   2.1382527e+01   1.6925273e+00   2.0400591e-02   3.5978166e-01   8.4746860e-02   8.9071261e-03
   3.0535200e+03   3.8274693e-02   3.4138626e+04   6.1587578e+02   7.4565964e-01   8.5103461e-01   5.6160935e-01   1.8286925e+01   1.6099975e+00   4.0130894e-02   1.5256357e+00   8.7345098e-02   4.5266542e-02
   2.1062800e+03   1.7147275e-01   4.6226424e+03   5.7235547e+01   5.3392845e-01   7.0621277e-01   8.1287809e-01   2.4202933e+01   1.4295936e+00   5.5660706e-02   6.4839504e-02   2.2817830e-01   1.0170704e-02
   2.2453400e+03   1.9175760e-01   8.2446595e+03   2.6665670e+01   5.8659665e-01   7.7863180e-01   1.7441573e+00   2.3803049e+01   1.6279079e+00   3.3085725e-02   9.1150464e-02   1.6282538e-01   1.0154876e-02
   2.0206800e+03   1.2259885e-01   1.1550207e+04   3.9906050e+02   7.2795857e-01   8.2751514e-01   6.3076364e-01   1.7203023e+01   1.7114929e+00   8.2789168e-03   2.0357384e+00   5.1021318e-02   4.4261641e-03
   4.3634700e+02   4.3938612e+00   3.8907160e+03   4.2945607e+00   4.8484679e-01   6.3863513e-01   1.2284985e+01   1.7093139e+01   1.5006462e+00   3.2018109e-03   2.2697441e-01   2.7557874e-02   2.4460995e-02
   8.9547500e+02   5.8778772e-01   6.1785920e+03   2.0195961e+01   5.7332602e-01   6.2774043e-01   4.3392886e+00   2.3749603e+01   1.7365387e+00   5.2953735e-02   4.2280455e-02   1.2380935e-01   1.0565639e-02
   4.1569600e+02   1.8226951e+00   2.7297536e+03   1.0200573e+01   5.8074267e-01   6.8658693e-01   2.6185938e+00   2.3743685e+01   1.7215045e+00   3.8010610e-02   2.7748262e-02   1.2899082e-01   9.0262030e-03
   1.0821600e+02   5.3504616e+01   5.1966047e+02   2.3644670e+01   4.5109824e-01   5.6110930e-01   1.4267910e+01             NaN             NaN   2.3696709e-02   2.7563110e-02   5.7140206e-02   7.8406455e-03
   6.9272700e+01   1.1060951e+02   3.5376212e+02   1.6398439e+01   3.9980217e-01   4.5594643e-01   1.5171163e+01   2.3676883e+01   1.7255290e+00   9.9744483e-03   2.5514920e-02   3.0057497e-02   9.5421651e-03
   4.8098500e+02   2.7212421e+00   4.6328790e+03   2.4738749e+00   4.7960206e-01   6.4059026e-01   6.3466174e+00   1.6940642e+01   1.3878914e+00   2.7265776e-03   3.5299163e-01   3.6441269e-02   2.6505533e-02
   6.3327200e+02   1.5196787e+00   5.4483048e+03   6.2450077e+00   5.4594648e-01   5.6971231e-01   4.1748395e+00   1.7286751e+01   1.6353199e+00   1.2248267e-02   7.2522930e-02   4.3323497e-02   4.0119398e-02
   5.3183900e+02   2.3436355e+00   5.2115544e+03   3.5544933e+00   5.1340753e-01   6.7686245e-01   7.2911568e+00   1.6996402e+01   1.4679003e+00   4.6752896e-03   3.5537721e-01   3.5158781e-02   1.2587037e-02
   1.3478400e+03   6.2623901e-01   2.7022890e+03   4.9151527e+01   5.8672312e-01   7.4417520e-01   2.0530195e+00   2.1980129e+01   1.6146286e+00   1.8177784e-02   1.1630271e-01   1.1356398e-01   1.0832624e-02
   1.4465800e+03   3.5073294e-01   4.2302866e+03   2.7875900e+02   6.9646130e-01   8.3055495e-01   1.3797502e+00   2.0747169e+01   1.5983633e+00   1.4353484e-02   5.9130956e-01   1.1102333e-01   1.2933807e-02
